Swine: [[1.47754733e-02 6.78267430e-02 6.99332564e-02 3.67444657e-02
  3.53587982e-02 4.60146186e-02 8.38048711e-02 4.53610019e-02
  7.69101482e-02 3.46566271e-02 6.06182841e-03 3.29198741e-02
  5.54453744e-02 1.45588460e-02 0.00000000e+00 2.01687452e-04
  9.59882872e-02 1.51452336e-02 1.65764676e-01 5.36600670e-02
  1.12048584e-05 4.84722176e-02 0.00000000e+00 3.84700139e-04]
 [3.16948505e-02 6.38725013e-02 2.75417832e-02 3.88678827e-02
  6.41631668e-02 5.03614844e-02 1.55235057e-01 4.74523666e-02
  1.91174116e-02 2.46326654e-05 5.53471358e-02 7.07696476e-03
  6.92719816e-02 8.09281588e-02 4.92653308e-06 3.35004249e-04
  8.56945796e-02 7.34546082e-03 4.32204747e-02 8.45466974e-02
  2.46326654e-06 6.13378001e-02 3.20224650e-05 6.52519306e-03]
 [1.56602778e-02 8.79613723e-02 3.92381221e-02 9.45353146e-02
  1.07318151e-01 3.10444684e-02 5.72727496e-02 5.48983999e-02
  3.53882399e-02 3.95970354e-02 4.29468931e-05 1.20407750e-01
  9.05964710e-02 4.06891136e-02 0.00000000e+00 3.40507510e-04
  2.04641946e-02 4.36769903e-02 6.28282370e-02 5.31406449e-02
  0.00000000e+00 4.65053500e-03 0.00000000e+00 2.48478453e-04]
 [1.56421928e-02 7.03122503e-02 1.51422453e-02 3.56355269e-02
  3.38046689e-02 1.30305950e-01 4.06989220e-02 6.00302251e-02
  2.21826018e-02 9.08352091e-03 1.88336385e-03 4.15960881e-02
  8.11786890e-02 6.15209362e-02 0.00000000e+00 2.30569392e-04
  1.07794615e-01 5.32501153e-02 5.92015450e-02 4.09112285e-02
  0.00000000e+00 1.16350794e-01 5.70716317e-05 3.18687992e-03]
 [5.30588646e-02 1.45625806e-02 2.16370958e-02 3.85484797e-02
  1.40687296e-02 1.76878942e-01 2.09143871e-02 1.48625047e-01
  1.39482781e-02 2.25404817e-02 1.36511646e-04 4.29409427e-02
  6.85730116e-02 1.85254333e-02 0.00000000e+00 3.57339308e-04
  1.00858016e-02 6.79747694e-02 1.04327018e-01 1.10771170e-01
  0.00000000e+00 3.84842389e-02 2.00752420e-05 1.30208020e-02]
 [2.67420202e-02 2.34886970e-02 5.87926509e-02 8.55770045e-02
  1.96003725e-02 5.17039201e-02 5.33295233e-02 8.79561426e-02
  2.16831767e-02 5.10329354e-03 5.76284819e-02 5.19219372e-03
  9.52438405e-02 1.53839641e-02 2.11667090e-06 1.79917027e-04
  3.75582084e-02 3.61802557e-02 9.03543307e-02 5.96943527e-02
  0.00000000e+00 1.47371095e-01 6.35001270e-06 2.12280925e-02]
 [3.61167008e-02 8.51447526e-02 4.55868644e-02 3.81644635e-02
  3.30578675e-02 1.65515991e-02 5.10088040e-02 6.49667017e-02
  3.24035295e-02 3.43153003e-02 4.35962577e-02 2.13783276e-02
  6.08908852e-02 7.05128079e-02 1.97089772e-06 2.20740545e-04
  6.99077423e-02 1.96557630e-02 7.80416372e-02 7.46241005e-02
  3.94179545e-06 8.16483800e-02 3.94179545e-06 4.21969203e-02]
 [3.19225091e-03 1.00716886e-01 2.90710618e-02 6.15467346e-02
  2.04019770e-02 6.91060670e-02 5.70854612e-02 6.80237158e-02
  1.92048829e-02 1.30224656e-02 2.20049528e-02 1.96159023e-02
  1.08283069e-01 2.41628048e-02 3.42516192e-06 1.95234230e-04
  4.16105796e-02 4.45956083e-02 5.11702066e-02 1.43361865e-01
  3.42516192e-06 1.00321280e-01 0.00000000e+00 3.30014351e-03]
 [4.60526853e-02 6.80539106e-02 5.22769042e-04 4.57422912e-03
  1.10271595e-04 4.69144374e-02 1.12954870e-01 1.94008577e-01
  4.23973862e-02 1.56830713e-03 4.30385951e-02 1.61364100e-02
  8.45864815e-02 2.94996937e-02 0.00000000e+00 1.79701858e-04
  8.29242393e-02 1.74596692e-02 3.60914846e-02 5.22401470e-02
  4.08413314e-06 1.20445171e-01 8.16826629e-06 2.28711456e-04]
 [8.46393658e-05 4.69325283e-02 1.08705159e-01 1.72875905e-02
  6.43047581e-02 4.93729634e-05 9.96628532e-02 3.94983707e-04
  3.03291061e-04 7.05328048e-06 1.41065610e-05 5.00782914e-03
  9.47396634e-02 2.71480766e-02 0.00000000e+00 8.46393658e-05
  2.49037227e-01 3.52664024e-05 2.71057569e-02 7.40876582e-02
  0.00000000e+00 1.19207493e-01 0.00000000e+00 6.58000536e-02]
 [8.19331234e-02 6.27084105e-03 6.13699518e-02 2.56900704e-02
  8.43228974e-02 3.30492775e-02 1.39579474e-01 1.02561134e-01
  6.34818451e-02 4.63134494e-06 1.85253798e-05 1.71359763e-04
  8.55733605e-02 9.65959615e-02 9.26268989e-06 1.66728418e-04
  3.73286402e-02 5.33530937e-02 3.81622823e-02 4.81659874e-04
  0.00000000e+00 4.59244165e-02 4.63134494e-06 4.39468322e-02]
 [1.56928360e-03 9.84055641e-02 1.80877705e-02 2.05045766e-03
  1.22715790e-01 7.77752261e-02 1.38118828e-02 7.85297945e-02
  1.09248384e-01 1.09904531e-03 1.44734972e-02 1.45205210e-01
  6.28314907e-02 1.21490983e-01 5.46788710e-06 2.18715484e-04
  5.63137692e-02 4.14465842e-03 6.55599663e-03 4.97030937e-03
  5.46788710e-06 6.04365561e-02 5.46788710e-06 4.92109839e-05]
 [6.52803474e-02 1.69108667e-02 5.18396918e-02 8.17626091e-02
  6.55484324e-03 4.06032905e-02 5.08054133e-02 6.14675832e-02
  1.93914802e-02 3.06609784e-02 2.08576734e-02 2.43891138e-02
  1.28101594e-01 3.03829644e-02 4.96453666e-06 2.66430134e-04
  1.11667323e-01 4.74725544e-02 4.26503344e-02 6.18779849e-02
  0.00000000e+00 9.65139024e-02 0.00000000e+00 1.05380565e-02]
 [3.82148794e-02 4.79377252e-02 6.49625648e-02 1.89148030e-02
  1.22468420e-02 6.96404519e-02 4.23770462e-02 4.79528935e-02
  8.71810118e-02 1.17280880e-02 1.61693504e-02 1.20526884e-02
  6.76928491e-02 5.63439673e-02 6.06729847e-06 1.39547865e-04
  1.46919633e-01 7.72063731e-03 2.15662124e-02 1.36957128e-01
  0.00000000e+00 7.49372035e-02 0.00000000e+00 1.83384096e-02]
 [0.00000000e+00 5.88235294e-02 1.17647059e-01 0.00000000e+00
  0.00000000e+00 5.88235294e-02 5.88235294e-02 1.17647059e-01
  5.88235294e-02 0.00000000e+00 0.00000000e+00 0.00000000e+00
  0.00000000e+00 0.00000000e+00 0.00000000e+00 0.00000000e+00
  5.88235294e-02 1.17647059e-01 0.00000000e+00 1.17647059e-01
  0.00000000e+00 2.35294118e-01 0.00000000e+00 0.00000000e+00]
 [1.41330576e-02 2.79214064e-02 1.89589797e-02 3.61944157e-02
  1.37883488e-02 2.89555326e-02 6.79076181e-02 3.51602896e-02
  1.24095140e-02 4.82592210e-03 1.51671837e-02 1.24095140e-02
  4.92933471e-02 1.96483971e-02 6.89417442e-04 4.12271630e-01
  4.30885901e-02 2.96449500e-02 3.82626680e-02 4.86039297e-02
  0.00000000e+00 5.68769390e-02 3.44708721e-04 1.34436401e-02]
 [2.91876091e-02 6.65355614e-02 6.63033219e-02 9.73275408e-02
  4.70956209e-02 4.14920431e-02 8.12987517e-02 6.27281114e-02
  5.62765398e-02 1.72581673e-04 3.06556186e-02 2.27360374e-02
  6.39851878e-02 4.76836770e-02 0.00000000e+00 2.08802518e-04
  2.41912631e-02 3.51533953e-02 1.65806244e-02 1.03776982e-01
  0.00000000e+00 9.76961412e-02 2.13063793e-06 8.91245848e-03]
 [5.57783163e-02 7.35564421e-03 4.59855406e-02 2.61038572e-02
  4.86541316e-02 2.16925130e-02 1.19654309e-01 1.26189633e-01
  5.30995139e-03 2.82516645e-04 9.91190927e-03 2.36122646e-02
  9.22195597e-02 3.51137555e-02 3.40381500e-06 1.83806010e-04
  4.77044672e-02 4.46240146e-02 8.34887742e-02 1.19276485e-01
  0.00000000e+00 3.07228342e-02 2.38267050e-05 5.61084864e-02]
 [6.24068604e-02 4.14967474e-02 3.80366401e-03 3.92078563e-02
  2.45308443e-02 1.29382579e-01 7.91139805e-02 9.98813168e-02
  4.65920955e-02 3.63857830e-03 6.16171261e-02 9.59281833e-04
  8.64335240e-02 3.39228827e-02 0.00000000e+00 2.20857910e-04
  2.52001107e-02 7.09310834e-02 5.39763347e-02 5.91363786e-02
  6.69266395e-06 6.79126920e-02 6.69266395e-06 9.62181987e-03]
 [6.06430824e-02 7.81254902e-02 6.61260586e-02 7.84853624e-02
  8.19401357e-04 8.29754604e-02 5.39180857e-02 9.72651557e-02
  1.21230800e-02 6.57643409e-02 2.47204531e-02 7.61821802e-03
  9.69237385e-02 4.23855652e-02 0.00000000e+00 2.89743273e-04
  6.89201434e-02 3.89898479e-02 2.73207606e-02 2.14576117e-02
  0.00000000e+00 4.33636795e-02 0.00000000e+00 3.17647211e-02]
 [0.00000000e+00 0.00000000e+00 0.00000000e+00 0.00000000e+00
  0.00000000e+00 0.00000000e+00 7.14285714e-02 1.42857143e-01
  7.14285714e-02 0.00000000e+00 7.14285714e-02 0.00000000e+00
  2.85714286e-01 0.00000000e+00 0.00000000e+00 0.00000000e+00
  7.14285714e-02 1.42857143e-01 0.00000000e+00 7.14285714e-02
  0.00000000e+00 7.14285714e-02 0.00000000e+00 0.00000000e+00]
 [3.33613110e-02 2.30873215e-02 5.96187044e-02 1.14567712e-01
  2.09553250e-02 5.44431103e-02 5.50771247e-02 6.16620046e-02
  2.25584287e-02 2.96097855e-02 4.57410166e-02 1.00062580e-02
  4.10105466e-02 4.23590591e-02 0.00000000e+00 2.05315537e-04
  1.75947203e-02 6.70363441e-02 9.92216077e-02 6.99534673e-02
  1.64252430e-06 1.29784057e-01 1.64252430e-06 2.14349421e-03]
 [1.53846154e-02 1.38461538e-01 9.23076923e-02 0.00000000e+00
  0.00000000e+00 1.53846154e-02 3.07692308e-02 4.61538462e-02
  6.15384615e-02 1.53846154e-02 0.00000000e+00 3.07692308e-02
  3.07692308e-02 0.00000000e+00 0.00000000e+00 1.53846154e-02
  3.69230769e-01 0.00000000e+00 1.53846154e-02 9.23076923e-02
  0.00000000e+00 1.53846154e-02 0.00000000e+00 1.53846154e-02]
 [2.91796139e-03 7.32244764e-02 1.80758670e-04 1.05227369e-01
  3.33801011e-02 1.10710382e-01 4.27537292e-02 1.58396240e-01
  8.69363127e-04 3.53684464e-02 9.83585391e-02 1.46328447e-04
  2.31371098e-02 2.67436756e-02 0.00000000e+00 2.58226671e-04
  1.61822047e-03 6.82320941e-02 1.28536629e-01 7.82512890e-02
  0.00000000e+00 7.34224502e-03 0.00000000e+00 4.34681563e-03]]
Duck: [[4.58490001e-02 3.35540781e-02 4.89454990e-02 2.81026789e-02
  2.50582220e-02 2.19747336e-02 1.17745020e-01 4.81648690e-02
  5.68949142e-02 5.58540742e-02 1.97369277e-02 5.63744942e-02
  6.81359857e-02 1.52483054e-02 0.00000000e+00 1.04083996e-04
  2.55526210e-02 4.32729212e-02 1.46120920e-01 7.28067551e-02
  0.00000000e+00 6.35432794e-02 0.00000000e+00 6.96061722e-03]
 [2.82516305e-02 7.37218599e-02 3.98316853e-02 5.89859036e-02
  4.59415106e-02 2.24447717e-02 1.46677888e-01 6.15527036e-02
  2.51462234e-02 6.73258994e-05 4.61687355e-02 4.96528508e-04
  5.32884494e-02 5.28255838e-02 0.00000000e+00 4.20786871e-05
  8.18262150e-02 3.46728382e-02 7.47149169e-02 7.33768146e-02
  0.00000000e+00 5.40290343e-02 0.00000000e+00 2.59373028e-02]
 [2.04878049e-02 6.96252231e-02 1.06722189e-02 7.15169542e-02
  1.12671029e-01 6.11302796e-02 6.15823914e-02 8.51160024e-02
  8.84473528e-02 1.94765021e-02 2.30814991e-03 8.84592504e-02
  5.71564545e-02 5.88578227e-02 0.00000000e+00 1.18976800e-05
  1.88459250e-02 4.03926234e-02 3.40273647e-02 9.52409280e-02
  0.00000000e+00 3.80725758e-03 0.00000000e+00 1.66567519e-04]
 [1.52613537e-02 6.55812721e-02 1.07816928e-02 2.88849819e-02
  5.93514928e-02 1.34751090e-01 4.06139865e-02 7.81612517e-02
  1.62969742e-02 3.36857654e-02 3.41192810e-03 1.64495075e-02
  6.76043448e-02 5.94237454e-02 8.02806612e-06 3.21122645e-05
  8.31386527e-02 4.72772814e-02 9.46027311e-02 5.05286482e-02
  0.00000000e+00 9.15199538e-02 0.00000000e+00 2.63320569e-03]
 [4.65408279e-02 3.72912569e-02 2.25310063e-02 4.79638388e-02
  2.34657292e-02 1.11329678e-01 5.00844041e-02 7.84190628e-02
  6.31984263e-02 2.82649032e-02 3.06923925e-04 1.29047559e-02
  5.64740021e-02 2.91159196e-02 0.00000000e+00 4.18532625e-05
  5.35442738e-02 4.44063115e-02 7.56288453e-02 9.51603678e-02
  0.00000000e+00 1.03028781e-01 0.00000000e+00 2.02988323e-02]
 [1.15401302e-02 4.45355946e-02 5.47820943e-02 6.00276080e-02
  4.22086373e-02 4.48984421e-02 1.01147703e-01 6.82863341e-02
  2.39242753e-02 4.12541905e-03 4.35574837e-02 1.28653126e-02
  1.13295208e-01 3.71287714e-02 0.00000000e+00 3.15519621e-05
  5.24866890e-02 4.75961349e-02 5.02386117e-02 5.42772629e-02
  0.00000000e+00 9.77637547e-02 1.57759811e-05 3.52672057e-02]
 [1.59479996e-02 8.97799750e-02 3.18288626e-02 5.74323293e-02
  2.01165736e-02 3.14016296e-02 5.57966371e-02 5.71210595e-02
  2.47123806e-02 1.44954072e-02 5.65229333e-02 2.28508651e-02
  4.23876224e-02 9.28255363e-02 0.00000000e+00 4.88266349e-05
  3.72974458e-02 2.47856206e-02 8.65696237e-02 7.32765724e-02
  0.00000000e+00 1.09219079e-01 0.00000000e+00 5.55830205e-02]
 [2.60172267e-02 7.81431290e-02 8.53333029e-03 9.08030933e-02
  3.89115289e-02 6.30140431e-02 3.54193220e-02 7.42908420e-02
  3.43390813e-02 6.68720458e-03 2.09018010e-02 1.37287738e-02
  7.05757283e-02 4.49871686e-02 0.00000000e+00 2.28622379e-05
  6.00076588e-02 3.66310206e-02 4.97996696e-02 1.58989718e-01
  0.00000000e+00 8.05493796e-02 0.00000000e+00 7.64741857e-03]
 [3.55660716e-02 3.22213000e-02 2.90995131e-02 3.71393531e-02
  8.79551057e-03 6.85058781e-02 1.30743406e-01 1.11095970e-01
  1.58690832e-02 3.48104010e-03 5.32190330e-02 2.40204155e-02
  7.21107987e-02 4.77435180e-02 0.00000000e+00 1.23880431e-05
  9.28112186e-02 5.60187307e-02 3.75605466e-02 9.36907697e-02
  0.00000000e+00 4.57862072e-02 0.00000000e+00 4.50924767e-03]
 [1.33434636e-02 5.87397312e-02 1.23438910e-01 1.70473432e-02
  1.31297782e-02 6.17313263e-04 8.47143739e-02 1.44831189e-02
  3.72287383e-02 2.37428178e-05 1.89942542e-04 1.97302816e-02
  1.56322712e-01 2.03475949e-02 0.00000000e+00 4.74856356e-05
  1.56393941e-01 3.44270858e-03 2.07749656e-02 9.51374709e-02
  0.00000000e+00 1.12754642e-01 0.00000000e+00 5.20917422e-02]
 [8.61037560e-02 9.52894642e-03 6.90562584e-02 1.93847864e-02
  8.83920107e-02 2.65110653e-02 1.39272989e-01 4.92465104e-02
  6.16521199e-02 3.26893531e-05 0.00000000e+00 7.22434703e-03
  9.32463797e-02 1.50076820e-01 0.00000000e+00 0.00000000e+00
  4.40489033e-02 5.16818672e-02 9.23474224e-03 1.26180903e-02
  0.00000000e+00 2.46641169e-02 0.00000000e+00 5.80236017e-02]
 [3.71179039e-02 1.07089890e-01 6.98277993e-03 2.12161160e-03
  1.04803493e-01 8.12597841e-02 1.70346873e-02 7.53069127e-02
  4.75817747e-02 1.00931037e-02 1.15143775e-02 1.40417731e-01
  8.24956744e-02 7.62132323e-02 0.00000000e+00 2.05981709e-05
  4.89618522e-02 1.35741946e-02 8.12391860e-02 1.54074318e-02
  0.00000000e+00 4.05783966e-02 0.00000000e+00 1.85383538e-04]
 [4.19218712e-02 3.05236134e-02 4.61039657e-02 5.76725351e-02
  2.29857506e-02 4.04899926e-02 6.69072054e-02 1.04218049e-01
  2.19197265e-02 1.48738748e-02 2.29794428e-02 5.50673992e-03
  9.59989403e-02 3.11796282e-02 0.00000000e+00 2.52313398e-05
  1.10885431e-01 3.32738294e-02 4.58074975e-02 9.92853223e-02
  0.00000000e+00 8.31877275e-02 0.00000000e+00 2.42536254e-02]
 [3.01342185e-02 6.05185934e-02 5.54769808e-02 5.04257469e-02
  1.10357435e-02 9.44628855e-02 3.63592630e-02 7.41905999e-02
  5.48131043e-02 3.97363737e-03 3.12503007e-02 3.17217492e-02
  6.39053254e-02 2.89219224e-02 0.00000000e+00 4.81069899e-05
  8.47548949e-02 2.43036513e-02 3.80718718e-02 1.05046423e-01
  0.00000000e+00 1.13638332e-01 0.00000000e+00 6.94664935e-03]
 [0.00000000e+00 0.00000000e+00 0.00000000e+00 0.00000000e+00
  0.00000000e+00 0.00000000e+00 0.00000000e+00 0.00000000e+00
  0.00000000e+00 0.00000000e+00 0.00000000e+00 0.00000000e+00
  0.00000000e+00 0.00000000e+00 0.00000000e+00 0.00000000e+00
  0.00000000e+00 0.00000000e+00 0.00000000e+00 0.00000000e+00
  0.00000000e+00 1.00000000e+00 0.00000000e+00 0.00000000e+00]
 [1.29870130e-03 5.84415584e-03 1.94805195e-03 3.89610390e-03
  6.49350649e-04 3.24675325e-03 5.19480519e-03 6.49350649e-03
  1.29870130e-03 0.00000000e+00 6.49350649e-04 1.94805195e-03
  4.54545455e-03 1.29870130e-03 0.00000000e+00 9.44155844e-01
  3.24675325e-03 1.94805195e-03 4.54545455e-03 4.54545455e-03
  0.00000000e+00 2.59740260e-03 0.00000000e+00 6.49350649e-04]
 [1.92551778e-02 2.44740104e-02 8.22022130e-02 7.55274829e-02
  1.93821022e-02 4.78728964e-02 1.17681315e-01 8.39940868e-02
  6.29395691e-02 1.33345279e-02 1.75976945e-02 2.96629784e-02
  4.58421060e-02 3.36648300e-02 0.00000000e+00 1.49322821e-05
  4.90824113e-02 4.89032239e-02 6.25811943e-02 7.58783915e-02
  0.00000000e+00 8.31504129e-02 0.00000000e+00 6.95844346e-03]
 [3.07669761e-02 2.07914021e-02 1.26526624e-02 3.62677088e-02
  4.59013190e-02 2.24914509e-02 1.20566683e-01 1.07943332e-01
  2.87542745e-02 5.78407426e-03 2.85002443e-02 1.16170005e-02
  8.37420616e-02 4.61553493e-02 0.00000000e+00 3.90815828e-05
  5.10405471e-02 6.47386419e-02 7.14313630e-02 9.10405471e-02
  0.00000000e+00 9.04836346e-02 0.00000000e+00 2.92916463e-02]
 [6.66218315e-02 4.79713240e-02 1.96558323e-02 2.77608298e-02
  2.40584614e-03 9.43202618e-02 3.78556770e-02 8.52030063e-02
  4.30278995e-02 1.44004104e-02 3.58034278e-02 1.10031061e-02
  1.06675356e-01 4.08855178e-02 0.00000000e+00 4.15996450e-05
  3.95127295e-02 8.90440402e-02 6.72874258e-02 6.82164846e-02
  0.00000000e+00 8.59171335e-02 6.93327417e-06 1.63833269e-02]
 [5.88484115e-02 5.85760724e-02 5.21847965e-02 7.48932373e-02
  1.01982281e-02 4.53415537e-02 4.34757415e-02 9.82158895e-02
  3.51665035e-02 5.90106560e-02 2.60054815e-02 1.60506203e-02
  8.16611523e-02 3.14232902e-02 0.00000000e+00 5.21500298e-05
  8.05022627e-02 5.23991911e-02 3.02412229e-02 3.21244184e-02
  0.00000000e+00 8.36602368e-02 0.00000000e+00 2.99688838e-02]
 [0.00000000e+00 0.00000000e+00 0.00000000e+00 0.00000000e+00
  0.00000000e+00 0.00000000e+00 0.00000000e+00 0.00000000e+00
  0.00000000e+00 0.00000000e+00 0.00000000e+00 0.00000000e+00
  0.00000000e+00 0.00000000e+00 0.00000000e+00 0.00000000e+00
  0.00000000e+00 0.00000000e+00 0.00000000e+00 0.00000000e+00
  0.00000000e+00 0.00000000e+00 0.00000000e+00 0.00000000e+00]
 [4.25384930e-02 5.81567574e-02 4.71919179e-02 9.23224017e-02
  1.47561097e-02 6.01850317e-02 7.50682539e-02 7.41895193e-02
  1.77515447e-02 3.71223928e-02 2.81305612e-02 1.16943551e-02
  3.96867505e-02 4.21239955e-02 0.00000000e+00 7.18462270e-05
  3.09933570e-02 6.37662898e-02 7.82958075e-02 6.10803462e-02
  0.00000000e+00 1.11229013e-01 0.00000000e+00 1.36452565e-02]
 [0.00000000e+00 0.00000000e+00 0.00000000e+00 0.00000000e+00
  0.00000000e+00 0.00000000e+00 0.00000000e+00 6.66666667e-01
  0.00000000e+00 0.00000000e+00 0.00000000e+00 0.00000000e+00
  0.00000000e+00 0.00000000e+00 0.00000000e+00 0.00000000e+00
  0.00000000e+00 0.00000000e+00 0.00000000e+00 0.00000000e+00
  0.00000000e+00 0.00000000e+00 0.00000000e+00 3.33333333e-01]
 [2.02839757e-02 3.99506129e-02 3.79222154e-03 5.69494664e-02
  3.68639210e-02 4.97398360e-02 6.32330893e-02 1.09511421e-01
  2.89487609e-02 2.18052738e-02 7.33530294e-02 2.93235735e-03
  1.50145515e-02 1.19940030e-02 0.00000000e+00 4.40955993e-05
  1.47058824e-02 6.70473587e-02 2.28547491e-01 1.05145956e-01
  0.00000000e+00 4.12073375e-02 0.00000000e+00 8.92935885e-03]]
Mallard: [[4.59917385e-02 2.59017435e-02 4.58174885e-02 1.97824951e-02
  1.63487459e-02 2.61477435e-02 1.20386220e-01 4.66887383e-02
  7.80947305e-02 2.69984933e-02 2.59324935e-02 5.67337358e-02
  8.06162298e-02 2.40772440e-02 0.00000000e+00 5.12499872e-05
  4.96612376e-02 4.29167393e-02 1.41357715e-01 6.20739845e-02
  0.00000000e+00 6.28427343e-02 0.00000000e+00 1.57849961e-03]
 [3.24738786e-02 7.72359476e-02 3.27828799e-02 6.15703014e-02
  5.04103250e-02 2.31104212e-02 1.36686357e-01 4.93755300e-02
  2.21043706e-02 2.15582288e-05 6.51345952e-02 5.10211414e-04
  5.43195504e-02 4.86138059e-02 0.00000000e+00 5.74886101e-05
  7.94708173e-02 1.95748717e-02 9.18164964e-02 6.92737751e-02
  0.00000000e+00 7.28308829e-02 0.00000000e+00 1.26259360e-02]
 [1.34925998e-02 6.67981777e-02 1.04191643e-02 1.12779824e-01
  1.07319572e-01 8.69498877e-02 4.14477843e-02 7.52337773e-02
  6.04987249e-02 3.37859930e-02 4.58835582e-03 7.69666718e-02
  4.35839309e-02 6.89125270e-02 0.00000000e+00 4.35948297e-05
  1.82226388e-02 4.58617608e-02 3.46469909e-02 8.80397585e-02
  0.00000000e+00 9.59086252e-03 0.00000000e+00 8.17403056e-04]
 [2.65771008e-02 5.81089083e-02 1.21485595e-02 3.63163662e-02
  6.88758669e-02 1.16980079e-01 4.99145858e-02 7.44771355e-02
  2.24595218e-02 2.84351158e-02 3.72283589e-03 3.22396227e-02
  6.13349123e-02 5.08946376e-02 0.00000000e+00 5.44473256e-05
  8.88035881e-02 5.71084387e-02 8.91915253e-02 4.01004553e-02
  0.00000000e+00 7.96972729e-02 0.00000000e+00 2.55902430e-03]
 [5.87827924e-02 3.23493163e-02 2.11866894e-02 5.75620635e-02
  2.04119960e-02 1.03409825e-01 5.07893656e-02 9.94072422e-02
  4.31832854e-02 3.05886496e-02 7.04266682e-05 2.46962850e-02
  6.30318681e-02 3.41334585e-02 0.00000000e+00 8.21644463e-05
  3.14337696e-02 5.26087212e-02 9.15077176e-02 1.01426140e-01
  0.00000000e+00 7.20934327e-02 0.00000000e+00 1.12447914e-02]
 [2.66543165e-02 3.57994567e-02 6.26611459e-02 5.28040258e-02
  3.35874802e-02 3.77764107e-02 7.80067327e-02 4.62648704e-02
  3.43616720e-02 5.75113882e-03 5.06404363e-02 9.26956390e-03
  1.07108048e-01 4.03132712e-02 0.00000000e+00 3.45621323e-05
  6.80251889e-02 3.31036104e-02 5.89975599e-02 6.15067707e-02
  0.00000000e+00 1.32020433e-01 0.00000000e+00 2.53133057e-02]
 [1.35144128e-02 9.17956252e-02 3.01821886e-02 5.36071708e-02
  2.44641587e-02 2.05378122e-02 5.36634809e-02 5.34331216e-02
  2.59947683e-02 1.59255069e-02 5.41805096e-02 1.29820269e-02
  5.99804451e-02 9.84811643e-02 0.00000000e+00 3.07145746e-05
  5.37351482e-02 2.83905051e-02 1.06344095e-01 6.59851444e-02
  0.00000000e+00 8.77413014e-02 0.00000000e+00 4.90306992e-02]
 [1.63280062e-02 8.52206039e-02 1.03851468e-02 7.69996484e-02
  4.04163963e-02 4.82906851e-02 4.71318275e-02 8.70579379e-02
  2.84712489e-02 1.28712430e-02 2.15280082e-02 9.04305106e-03
  6.42621197e-02 3.25074410e-02 0.00000000e+00 2.47619142e-05
  6.29051668e-02 4.64038272e-02 4.62899224e-02 1.84243499e-01
  0.00000000e+00 6.99821219e-02 4.95238284e-06 9.63238462e-03]
 [2.35089496e-02 5.46439732e-02 1.15251192e-02 3.29220860e-02
  7.86498600e-03 3.90860179e-02 1.36151222e-01 1.52550148e-01
  2.31266903e-02 1.11237469e-02 3.79392399e-02 4.08826368e-02
  8.64383941e-02 4.28321595e-02 0.00000000e+00 2.86694508e-05
  9.34624096e-02 2.65574679e-02 3.44033409e-02 8.49189132e-02
  0.00000000e+00 5.38603415e-02 0.00000000e+00 6.17348840e-03]
 [1.41752317e-02 5.69432385e-02 1.09302748e-01 3.70332977e-02
  1.90012721e-02 5.02796680e-03 8.86052945e-02 1.72848979e-02
  3.66092523e-02 2.01926378e-05 2.01926378e-05 7.02703794e-03
  1.17965390e-01 4.83613674e-02 0.00000000e+00 2.01926378e-05
  1.68063324e-01 2.05964905e-03 3.13995517e-02 9.90045030e-02
  0.00000000e+00 1.10150839e-01 0.00000000e+00 3.19245603e-02]
 [1.06881212e-01 5.16123923e-03 6.27664770e-02 3.29342503e-02
  8.50350463e-02 3.58778727e-02 1.49398735e-01 3.84518922e-02
  6.86405217e-02 0.00000000e+00 0.00000000e+00 1.80181369e-02
  6.58157002e-02 1.47550721e-01 0.00000000e+00 3.96003010e-05
  3.83066911e-02 3.27362488e-02 1.29492984e-02 6.29644785e-03
  0.00000000e+00 4.70715577e-02 0.00000000e+00 4.60683501e-02]
 [1.67977188e-02 8.52847144e-02 2.02886028e-02 5.32273395e-03
  1.01373887e-01 7.75425559e-02 2.74777499e-03 5.63207466e-02
  1.11811976e-01 1.20107146e-02 1.62965523e-02 1.51300441e-01
  4.89760650e-02 7.47774994e-02 0.00000000e+00 5.18448112e-05
  8.23641234e-02 2.50756070e-02 3.81059362e-02 1.59854835e-02
  0.00000000e+00 5.74613324e-02 0.00000000e+00 1.03689622e-04]
 [5.58415885e-02 2.30165971e-02 4.20739920e-02 5.09862704e-02
  1.93072211e-02 4.16177876e-02 8.72490876e-02 7.76199166e-02
  3.46878259e-02 1.21817431e-02 2.99356969e-02 5.48531456e-03
  9.27018161e-02 2.85399287e-02 0.00000000e+00 4.34480361e-05
  1.11840676e-01 3.69416927e-02 5.54396941e-02 1.01695560e-01
  0.00000000e+00 7.75275895e-02 0.00000000e+00 1.52665537e-02]
 [2.71883862e-02 4.37873634e-02 5.59871796e-02 6.39056694e-02
  1.37552338e-02 7.10071722e-02 5.09438557e-02 6.51704282e-02
  6.35835880e-02 6.81869958e-03 3.28287391e-02 3.32843665e-02
  6.20674486e-02 3.95374596e-02 0.00000000e+00 4.71338680e-05
  8.32384110e-02 2.46588686e-02 4.42508464e-02 9.23823814e-02
  0.00000000e+00 1.14833814e-01 0.00000000e+00 1.07229550e-02]
 [0.00000000e+00 0.00000000e+00 0.00000000e+00 0.00000000e+00
  0.00000000e+00 0.00000000e+00 0.00000000e+00 0.00000000e+00
  0.00000000e+00 0.00000000e+00 0.00000000e+00 0.00000000e+00
  0.00000000e+00 0.00000000e+00 0.00000000e+00 0.00000000e+00
  0.00000000e+00 0.00000000e+00 0.00000000e+00 0.00000000e+00
  0.00000000e+00 0.00000000e+00 0.00000000e+00 0.00000000e+00]
 [2.13827512e-03 3.56379187e-03 2.13827512e-03 6.41482537e-03
  1.42551675e-03 3.56379187e-03 7.84034212e-03 7.12758375e-03
  3.56379187e-03 2.13827512e-03 2.85103350e-03 2.13827512e-03
  4.98930862e-03 2.85103350e-03 0.00000000e+00 9.22309337e-01
  4.27655025e-03 2.85103350e-03 7.84034212e-03 7.84034212e-03
  0.00000000e+00 2.13827512e-03 0.00000000e+00 0.00000000e+00]
 [2.12270939e-02 4.08891394e-02 7.02173079e-02 6.55761297e-02
  2.18747002e-02 7.07569798e-02 1.12125827e-01 7.86241965e-02
  6.56600787e-02 1.62920944e-02 2.12151012e-02 1.48949439e-02
  4.87923343e-02 5.07711312e-02 0.00000000e+00 2.99817711e-05
  3.20924878e-02 4.08891394e-02 4.61599348e-02 9.28535450e-02
  0.00000000e+00 7.54581215e-02 1.19927084e-05 1.35877387e-02]
 [2.95435685e-02 1.96112688e-02 9.56540729e-03 5.19589430e-02
  5.82485259e-02 8.59576327e-03 9.98471282e-02 1.23939725e-01
  3.40336318e-02 2.77789910e-03 3.16925093e-02 2.30268618e-02
  7.69076218e-02 4.55295916e-02 0.00000000e+00 3.49421271e-05
  4.41056999e-02 5.74885346e-02 5.11203320e-02 1.18602315e-01
  0.00000000e+00 8.21926185e-02 8.73553178e-06 3.11683774e-02]
 [7.34220248e-02 3.73768118e-02 1.11866570e-02 3.48731606e-02
  6.52912949e-03 1.16297051e-01 4.96189296e-02 9.17821333e-02
  4.60598176e-02 1.21071170e-02 3.16638235e-02 1.18677974e-02
  9.80105792e-02 4.18686565e-02 0.00000000e+00 1.22727998e-05
  3.10133651e-02 6.72610793e-02 6.24255962e-02 7.13111032e-02
  0.00000000e+00 8.44368626e-02 1.22727998e-05 2.08637596e-02]
 [6.38150755e-02 7.46381892e-02 4.20728135e-02 6.11357067e-02
  7.74039893e-03 5.78801295e-02 3.78328804e-02 8.75884720e-02
  4.07475343e-02 5.50759155e-02 2.92905915e-02 1.83762449e-02
  9.56169751e-02 4.28266861e-02 0.00000000e+00 5.28190994e-05
  8.72043331e-02 5.52679849e-02 1.94230234e-02 3.14945884e-02
  0.00000000e+00 6.23649512e-02 0.00000000e+00 2.95546870e-02]
 [0.00000000e+00 0.00000000e+00 0.00000000e+00 0.00000000e+00
  0.00000000e+00 0.00000000e+00 0.00000000e+00 0.00000000e+00
  0.00000000e+00 0.00000000e+00 0.00000000e+00 0.00000000e+00
  0.00000000e+00 0.00000000e+00 0.00000000e+00 0.00000000e+00
  0.00000000e+00 0.00000000e+00 0.00000000e+00 0.00000000e+00
  0.00000000e+00 0.00000000e+00 0.00000000e+00 0.00000000e+00]
 [4.74398060e-02 6.02347745e-02 4.78094918e-02 8.55798545e-02
  1.55940178e-02 5.32059438e-02 7.70242696e-02 8.44611950e-02
  1.60693281e-02 3.82648775e-02 2.57243681e-02 8.01305903e-03
  4.41270375e-02 3.35069736e-02 0.00000000e+00 6.24144802e-05
  4.14480159e-02 6.06284658e-02 6.87663538e-02 6.44309480e-02
  0.00000000e+00 1.17536068e-01 0.00000000e+00 1.00727369e-02]
 [0.00000000e+00 0.00000000e+00 0.00000000e+00 1.66666667e-01
  0.00000000e+00 0.00000000e+00 0.00000000e+00 0.00000000e+00
  0.00000000e+00 0.00000000e+00 0.00000000e+00 0.00000000e+00
  1.66666667e-01 1.66666667e-01 0.00000000e+00 0.00000000e+00
  0.00000000e+00 1.66666667e-01 0.00000000e+00 1.66666667e-01
  0.00000000e+00 1.66666667e-01 0.00000000e+00 0.00000000e+00]
 [1.25263684e-02 2.64228084e-02 7.50277276e-03 7.49624861e-02
  3.17508644e-02 5.59554618e-02 6.57416871e-02 1.25981341e-01
  2.27040428e-02 2.25735598e-02 5.52160581e-02 2.32694692e-03
  9.41652350e-03 1.66365831e-02 0.00000000e+00 4.34943349e-05
  2.63358198e-02 1.20066111e-01 1.60363613e-01 1.00254442e-01
  0.00000000e+00 6.12400235e-02 0.00000000e+00 1.97899224e-03]]
Chicken: [[2.82411507e-02 4.67295311e-02 5.94859153e-02 1.61189958e-02
  4.68491970e-02 3.97889094e-02 9.50745519e-02 3.58100184e-02
  7.66280545e-02 5.39812843e-02 2.29758514e-03 4.47909437e-02
  9.65943087e-02 4.07462365e-03 0.00000000e+00 7.77828303e-05
  1.43898236e-02 1.99602709e-02 1.03558864e-01 1.10170404e-01
  0.00000000e+00 7.07225427e-02 0.00000000e+00 3.46552426e-02]
 [5.12809857e-02 7.10031098e-02 4.24674992e-02 8.17247422e-02
  3.59465581e-02 3.35120272e-02 1.06648382e-01 4.50024588e-02
  4.03792743e-02 8.31134291e-05 3.29994944e-02 3.42842895e-04
  5.25519286e-02 6.64872802e-02 3.46305954e-06 4.84828336e-05
  8.53297872e-02 3.09770676e-02 5.39267632e-02 7.23917967e-02
  0.00000000e+00 4.02719194e-02 0.00000000e+00 5.66210235e-02]
 [1.20128137e-03 5.18241680e-02 2.99964406e-02 2.08578039e-02
  9.21605268e-02 5.99305926e-02 7.64326393e-02 1.11696921e-01
  1.08271045e-01 2.92845702e-02 7.60811532e-04 6.31696031e-02
  6.35121908e-02 3.77335825e-02 0.00000000e+00 1.11229756e-04
  5.92498665e-02 3.55401317e-02 4.37132942e-02 1.11759210e-01
  0.00000000e+00 2.32692650e-03 2.66951415e-05 4.40469834e-04]
 [8.56458035e-03 9.80580934e-02 2.45705174e-03 2.43899993e-02
  6.29506684e-02 1.05255416e-01 2.94846209e-02 1.11372974e-01
  3.25166561e-02 2.33804352e-02 3.95802620e-03 4.53969559e-03
  9.32509636e-02 6.81422349e-02 0.00000000e+00 6.35156232e-05
  6.30476133e-02 2.13613070e-02 1.02678019e-01 6.37329135e-02
  0.00000000e+00 7.74690027e-02 3.34292754e-06 3.32286997e-03]
 [5.62188966e-02 2.45386764e-02 1.02615205e-02 5.61773760e-02
  4.50735804e-02 5.32412762e-02 3.72855016e-02 2.94559022e-02
  4.14197674e-02 3.85489142e-02 6.52466620e-04 1.79131745e-03
  1.18968391e-01 4.50439229e-02 0.00000000e+00 1.72013927e-04
  7.59115255e-02 5.50503882e-02 3.42485661e-02 1.09578803e-01
  0.00000000e+00 1.52410271e-01 0.00000000e+00 1.39509226e-02]
 [4.35666570e-03 4.05686256e-02 7.32048924e-02 6.67925259e-02
  5.46842224e-02 3.15680769e-02 1.35117953e-01 6.50595411e-02
  2.83699616e-02 3.63700907e-03 3.88453222e-02 7.72904767e-03
  8.55390970e-02 1.93823216e-02 0.00000000e+00 6.77703553e-05
  5.43324620e-02 5.95959596e-02 4.28340917e-02 5.77209798e-02
  0.00000000e+00 9.49591764e-02 4.84073967e-05 3.55858909e-02]
 [2.82602976e-02 7.58497947e-02 3.94130000e-02 5.77046234e-02
  1.15448963e-02 3.46322066e-02 3.99516460e-02 7.49537062e-02
  4.95827355e-02 3.22864902e-02 5.31248914e-02 1.67774573e-02
  1.98504699e-02 8.56720167e-02 0.00000000e+00 4.71625519e-05
  4.03587333e-02 2.51922495e-02 7.06321271e-02 7.63859585e-02
  0.00000000e+00 1.26939250e-01 3.47513541e-05 4.08055364e-02]
 [1.23918557e-02 8.00872265e-02 1.35864799e-02 1.15828771e-01
  3.48052810e-02 6.19853516e-02 5.52987746e-02 1.00334210e-01
  4.25490057e-02 2.84671360e-03 2.36270118e-02 1.88271824e-02
  4.59290336e-02 4.02379767e-02 0.00000000e+00 3.79245775e-05
  4.45400460e-02 4.28761051e-02 2.36364929e-02 1.40112352e-01
  0.00000000e+00 7.94756927e-02 0.00000000e+00 2.09865131e-02]
 [2.02255839e-02 5.37353427e-03 7.11149965e-02 2.05914213e-02
  1.85151751e-02 1.16317300e-01 1.11708698e-01 5.42389631e-02
  1.13457116e-02 2.80316996e-04 7.98095745e-02 3.61893993e-02
  5.83391931e-02 7.18941827e-02 0.00000000e+00 1.75792014e-04
  1.00115928e-01 6.75658982e-02 4.03276383e-02 9.30652426e-02
  0.00000000e+00 1.72941333e-02 0.00000000e+00 5.51131720e-03]
 [2.17245610e-02 1.34358213e-01 1.57309743e-01 6.90814233e-04
  1.45998948e-02 5.36154330e-04 5.86676565e-03 6.60500892e-02
  2.21163661e-02 0.00000000e+00 1.03106602e-04 1.82498685e-03
  2.38052523e-01 2.57766505e-03 0.00000000e+00 0.00000000e+00
  6.35755307e-02 1.55690969e-03 1.20840937e-02 1.02034293e-01
  0.00000000e+00 1.31130976e-01 0.00000000e+00 2.38073144e-02]
 [7.51556219e-02 4.29960069e-02 7.11491147e-02 1.48092876e-02
  4.32514554e-02 2.85026688e-03 1.25841972e-01 6.58586429e-02
  5.90287581e-02 2.01669826e-05 1.00834913e-04 1.39824413e-03
  1.18265908e-01 1.35340620e-01 0.00000000e+00 8.73902580e-05
  8.69667514e-02 6.44536764e-02 7.20633512e-03 8.33568615e-03
  0.00000000e+00 9.65326235e-03 0.00000000e+00 6.72299977e-02]
 [2.30934715e-02 1.04702112e-01 8.86859551e-04 6.84023357e-03
  1.08925671e-01 8.15208324e-02 4.79431005e-02 1.07617333e-01
  1.75615753e-02 9.78179743e-03 6.63827545e-03 6.64178777e-02
  1.01883479e-01 7.74816701e-02 0.00000000e+00 2.63423629e-05
  7.09751065e-02 9.07055363e-03 7.53918426e-02 6.12284322e-02
  0.00000000e+00 2.19519691e-02 0.00000000e+00 6.14655135e-05]
 [3.47815104e-02 4.41496868e-02 6.08239235e-02 4.88131295e-02
  1.03737312e-02 7.53316024e-02 3.10288963e-02 1.07720669e-01
  2.46530957e-03 5.44796982e-03 4.85702419e-02 1.60718753e-02
  8.61838222e-02 2.92971075e-02 4.85775285e-06 1.43303709e-04
  1.04451402e-01 4.07444020e-02 4.52718277e-02 8.22320403e-02
  0.00000000e+00 1.05170349e-01 3.64331464e-05 2.08859084e-02]
 [1.68835216e-02 6.94779899e-02 4.10245423e-02 1.90689521e-02
  9.09232567e-03 1.10588235e-01 3.80093494e-02 3.21698481e-02
  8.67822361e-02 5.02532139e-04 1.63381379e-02 3.86599143e-02
  6.63147643e-02 5.82469809e-02 0.00000000e+00 3.50603818e-05
  1.36007012e-01 3.32021815e-02 3.63809895e-02 9.74951305e-02
  0.00000000e+00 9.16322556e-02 3.89559797e-06 2.08414492e-03]
 [0.00000000e+00 1.66666667e-01 0.00000000e+00 0.00000000e+00
  0.00000000e+00 3.33333333e-01 1.66666667e-01 0.00000000e+00
  0.00000000e+00 0.00000000e+00 0.00000000e+00 3.33333333e-01
  0.00000000e+00 0.00000000e+00 0.00000000e+00 0.00000000e+00
  0.00000000e+00 0.00000000e+00 0.00000000e+00 0.00000000e+00
  0.00000000e+00 0.00000000e+00 0.00000000e+00 0.00000000e+00]
 [6.03478878e-03 9.93965211e-03 8.16471424e-03 3.90486333e-03
  6.74476393e-03 1.38445154e-02 1.13596024e-02 7.80972666e-03
  8.16471424e-03 3.54987575e-04 1.41995030e-03 3.54987575e-03
  1.31345403e-02 3.54987575e-03 0.00000000e+00 8.33865815e-01
  9.58466454e-03 5.32481363e-03 7.09975151e-03 2.16542421e-02
  0.00000000e+00 1.31345403e-02 3.54987575e-03 7.80972666e-03]
 [9.93499917e-03 2.07943712e-02 6.71603800e-02 9.92240626e-02
  7.94960694e-03 1.71504665e-02 1.22119038e-01 7.41507826e-02
  5.99663475e-02 1.51382808e-03 2.11480443e-02 2.81947131e-02
  7.62755006e-02 5.31393847e-02 0.00000000e+00 1.50043137e-04
  6.68951252e-02 5.78335914e-02 1.00922765e-01 2.44543521e-02
  0.00000000e+00 8.88764448e-02 5.35868348e-06 2.14079405e-03]
 [2.96234258e-03 3.44973323e-02 6.18834915e-03 1.76926298e-02
  5.85101433e-02 5.06738942e-02 1.52797165e-01 9.43994665e-02
  3.34543086e-02 2.48076804e-02 3.42957069e-02 4.66064892e-03
  1.12735747e-01 4.34425212e-02 0.00000000e+00 8.53030585e-05
  5.43070290e-02 5.49894534e-02 6.68814753e-02 7.69821329e-02
  0.00000000e+00 6.80098021e-02 0.00000000e+00 7.62686891e-03]
 [4.92150801e-02 2.90731834e-02 1.28758153e-02 2.92355704e-02
  5.16686005e-04 5.99149092e-02 4.91885077e-02 8.07181640e-02
  2.25068424e-02 2.50637000e-02 1.37438477e-02 3.83764840e-02
  9.56636758e-02 3.87839278e-02 0.00000000e+00 5.60973377e-05
  8.07093065e-02 7.20260292e-02 8.45947853e-02 1.03325391e-01
  0.00000000e+00 1.05956061e-01 0.00000000e+00 8.45593554e-03]
 [6.26095424e-02 3.88742060e-02 3.47034822e-02 5.96420457e-02
  1.78072982e-02 4.59266472e-02 4.48231094e-02 9.67079334e-02
  3.34121575e-02 5.08114249e-02 2.30328743e-02 2.25251542e-02
  7.33481708e-02 1.38939120e-02 0.00000000e+00 9.50526267e-05
  7.49524737e-02 6.23800250e-02 2.64918626e-02 4.78300181e-02
  0.00000000e+00 1.31613113e-01 2.31835675e-06 3.85171790e-02]
 [0.00000000e+00 0.00000000e+00 0.00000000e+00 0.00000000e+00
  0.00000000e+00 0.00000000e+00 0.00000000e+00 0.00000000e+00
  0.00000000e+00 0.00000000e+00 0.00000000e+00 0.00000000e+00
  0.00000000e+00 0.00000000e+00 0.00000000e+00 0.00000000e+00
  0.00000000e+00 0.00000000e+00 0.00000000e+00 0.00000000e+00
  0.00000000e+00 0.00000000e+00 0.00000000e+00 0.00000000e+00]
 [6.28727733e-02 3.94564626e-02 5.48579496e-02 9.51610633e-02
  1.69393247e-02 6.81900784e-02 9.19215199e-02 4.80091094e-02
  1.15400857e-02 1.18573172e-02 3.49353877e-02 1.41661747e-02
  4.00363031e-02 4.18493549e-02 6.30261369e-06 7.35304931e-05
  4.73935541e-02 6.20933501e-02 8.12848088e-02 5.37907070e-02
  0.00000000e+00 1.05257850e-01 4.20174246e-06 1.83027902e-02]
 [2.98507463e-02 1.49253731e-02 2.23880597e-01 0.00000000e+00
  0.00000000e+00 0.00000000e+00 0.00000000e+00 4.47761194e-02
  0.00000000e+00 0.00000000e+00 0.00000000e+00 0.00000000e+00
  4.47761194e-02 0.00000000e+00 0.00000000e+00 1.79104478e-01
  1.49253731e-02 0.00000000e+00 1.49253731e-02 2.53731343e-01
  0.00000000e+00 1.79104478e-01 0.00000000e+00 0.00000000e+00]
 [3.53107345e-03 6.74951771e-02 3.69470856e-03 3.16418630e-02
  1.89902852e-02 3.45270084e-02 6.06225024e-02 8.95945294e-02
  9.30997657e-03 5.14072620e-02 3.65336916e-02 3.78944467e-04
  5.63163153e-02 1.21951220e-02 0.00000000e+00 5.16742456e-05
  1.65271462e-02 7.17238528e-02 2.30811630e-01 1.26808599e-01
  0.00000000e+00 7.25420284e-02 0.00000000e+00 5.29661017e-03]]
